attribute_means:
  area_gages2: 658.088021978022
  aridity: 0.5909498936704328
  carbonate_rocks_frac: 0.030337296970515164
  clay_frac: 15.441522392968066
  elev_mean: 1077.2013186813185
  frac_forest: 0.9104604395604395
  frac_snow: 0.3291952387549623
  geol_permeability: -13.624881318681318
  gvf_diff: 0.2135409035588179
  gvf_max: 0.7744581767849348
  high_prec_dur: 1.4948335110234847
  high_prec_freq: 13.787912087912085
  lai_diff: 2.1624431737896237
  lai_max: 3.4225061204512204
  low_prec_dur: 5.3450779255461045
  low_prec_freq: 207.03351648351648
  max_water_content: 0.4741662722594786
  p_mean: 5.21863575302179
  pet_mean: 2.38970887725553
  sand_frac: 36.52281200177345
  silt_frac: 34.580550765319764
  slope_mean: 111.88736406593407
  soil_conductivity: 1.7188320668867851
  soil_depth_pelletier: 1.3840807695249648
  soil_depth_statsgo: 1.265384437408253
  soil_porosity: 0.43884490050086583
attribute_stds:
  area_gages2: 1607.4155919129732
  aridity: 0.4031707745646143
  carbonate_rocks_frac: 0.12018220557719402
  clay_frac: 7.556390548006456
  elev_mean: 588.8644793804594
  frac_forest: 0.19211724538192287
  frac_snow: 0.2325615944732942
  geol_permeability: 0.9985923235470673
  gvf_diff: 0.06407700601616788
  gvf_max: 0.13148552686650306
  high_prec_dur: 0.1487528000922036
  high_prec_freq: 3.536416427365582
  lai_diff: 0.6119258407316168
  lai_max: 1.0756906323639872
  low_prec_dur: 0.8268019083893576
  low_prec_freq: 26.76396733477583
  max_water_content: 0.12185622971034855
  p_mean: 2.0331615774334297
  pet_mean: 0.39138824847744125
  sand_frac: 11.333070055605818
  silt_frac: 11.629399341683545
  slope_mean: 42.97489984972083
  soil_conductivity: 0.7332752293051461
  soil_depth_pelletier: 2.006373178027022
  soil_depth_statsgo: 0.2479247816458861
  soil_porosity: 0.015451882420445233
xarray_feature_scale:
  coords: {}
  attrs: {}
  dims: {}
  data_vars:
    PRCP(mm/day)_maurer:
      dims: []
      attrs: {}
      data: 9.47828197479248
    PRCP(mm/day)_nldas:
      dims: []
      attrs: {}
      data: 10.849538803100586
    QObs(mm/d):
      dims: []
      attrs: {}
      data: 6.9280104637146
    prcp(mm/day)_daymet:
      dims: []
      attrs: {}
      data: 9.587079048156738
    srad(W/m2)_daymet:
      dims: []
      attrs: {}
      data: 158.0025177001953
    tmax(C)_daymet:
      dims: []
      attrs: {}
      data: 9.092631340026855
    tmin(C)_daymet:
      dims: []
      attrs: {}
      data: 7.007953643798828
    vp(Pa)_daymet:
      dims: []
      attrs: {}
      data: 297.7745056152344
xarray_feature_center:
  coords: {}
  attrs: {}
  dims: {}
  data_vars:
    PRCP(mm/day)_maurer:
      dims: []
      attrs: {}
      data: 5.22445011138916
    PRCP(mm/day)_nldas:
      dims: []
      attrs: {}
      data: 5.117824077606201
    QObs(mm/d):
      dims: []
      attrs: {}
      data: 4.198731899261475
    prcp(mm/day)_daymet:
      dims: []
      attrs: {}
      data: 5.392030239105225
    srad(W/m2)_daymet:
      dims: []
      attrs: {}
      data: 302.94287109375
    tmax(C)_daymet:
      dims: []
      attrs: {}
      data: 11.496525764465332
    tmin(C)_daymet:
      dims: []
      attrs: {}
      data: 0.6081191301345825
    vp(Pa)_daymet:
      dims: []
      attrs: {}
      data: 678.7335205078125
